0
261
0
95
0
59
0
180
0
235
0
287
0
109
0
279
0
16
1
185
1
52
1
151
1
206
1
100
1
109
1
263
1
278
1
300
1
76
1
177
1
300
1
21
2
294
2
36
2
45
2
158
2
135
2
68
2
79
3
198
3
38
3
236
3
51
3
188
3
45
3
110
3
200
3
12
3
196
3
155
4
48
4
197
4
54
4
70
4
98
4
17
4
238
4
111
5
173
5
192
5
172
5
289
5
7
5
43
5
171
5
90
5
212
5
198
5
286
5
213
5
229
5
163
5
76
5
78
6
243
6
208
6
201
6
31
6
95
7
145
7
216
7
294
7
143
8
125
8
257
8
141
8
44
8
219
8
250
8
279
8
173
8
12
8
272
9
258
9
169
9
156
9
108
9
218
9
119
9
272
9
93
10
212
10
131
10
165
10
149
10
83
10
286
10
76
10
178
10
262
